[gd_scene format=3 uid="uid://hnejrxekr1ah"]

[ext_resource type="PackedScene" uid="uid://5cpapydug8y0" path="res://UI/dialogue.tscn" id="1_mgrqq"]
[ext_resource type="PackedScene" uid="uid://r0y44k5yrk3v" path="res://UI/dialogue_choice.tscn" id="2_oyf4m"]

[node name="DialogueOptions" type="Node3D" unique_id=880844808]

[node name="Dialogue" parent="." unique_id=511109773 instance=ExtResource("1_mgrqq")]
transform = Transform3D(0.7472648, 0, -0.66452634, 0, 1, 0, 0.66452634, 0, 0.7472648, 1.8395143, 1.2544537, -1.6563725)

[node name="DialogueChoice" parent="." unique_id=1307560204 instance=ExtResource("2_oyf4m")]
transform = Transform3D(0.7472648, 0, -0.66452634, 0, 1, 0, 0.66452634, 0, 0.7472648, 1.8395143, 0.8983215, -1.6563725)

[node name="DialogueChoice2" parent="." unique_id=640458644 instance=ExtResource("2_oyf4m")]
transform = Transform3D(0.7472648, 0, -0.66452634, 0, 1, 0, 0.66452634, 0, 0.7472648, 1.8395143, 0.63802195, -1.6563725)
